0.769321
0.769330
0.769344
0.769361
0.769382
0.769407
0.769436
0.769468
0.769504
0.769543
0.769585
0.769630
0.769679
0.769730
0.769784
0.769841
0.769901
0.769963
0.770029
0.770096
0.770166
0.770239
0.770314
0.770392
0.770472
0.770554
0.770638
0.770725
0.770814
0.770905
0.770999
0.771094
0.771191
0.771291
0.771393
0.771497
0.771602
0.771710
0.771820
0.771931
0.772045
0.772160
0.772278
0.772397
0.772518
0.772641
0.772766
0.772892
0.773021
0.773151
0.773282
0.773416
0.773551
0.773688
0.773827
0.773967
0.774109
0.774253
0.774399
0.774545
0.774694
0.774845
0.774996
0.775150
0.775305
0.775462
0.775620
0.775780
0.775941
0.776104
0.776268
0.776434
0.776602
0.776771
0.776941
0.777113
0.777287
0.777462
0.777638
0.777816
0.777995
0.778176
0.778358
0.778542
0.778727
0.778914
0.779102
0.779291
0.779482
0.779674
0.779867
0.780062
0.780259
0.780456
0.780656
0.780856
0.781058
0.781261
0.781466
0.781671
0.781879
0.782087
0.782297
0.782509
0.782723
0.782944
0.783178
0.783436
0.783727
0.784065
0.784466
