3.907389
3.907436
3.907483
3.907530
3.907577
3.907625
3.907672
3.907719
3.907766
3.907813
3.907861
3.907908
3.907955
3.908002
3.908050
3.908097
3.908144
3.908191
3.908239
3.908286
3.908333
3.908380
3.908428
3.908475
3.908522
3.908569
3.908617
3.908664
3.908712
3.908759
3.908806
3.908854
3.908901
3.908948
3.908995
3.909043
3.909090
3.909138
3.909185
3.909232
3.909280
3.909327
3.909374
3.909422
3.909469
3.909517
3.909564
3.909612
3.909659
3.909707
3.909754
3.909801
3.909849
3.909896
3.909944
3.909991
3.910038
3.910086
3.910134
3.910181
3.910228
3.910276
3.910324
3.910371
3.910418
3.910466
3.910513
3.910561
3.910609
3.910656
3.910703
3.910751
3.910798
3.910846
3.910893
3.910941
3.910989
3.911036
3.911083
3.911131
3.911179
3.911226
3.911274
3.911321
3.911369
3.911416
3.911464
3.911511
3.911559
3.911607
3.911654
3.911702
3.911749
3.911797
3.911844
3.911892
3.911940
3.911987
3.912035
3.912082
3.912130
3.912178
3.912225
3.912273
3.912320
3.912368
3.912415
3.912463
3.912511
3.912558
3.912606
